4 0.17890625 0.03671875 0.3109375 0.0734375
1 0.1296875 0.23125 0.24453125 0.28359375
1 0.378125 0.23515625 0.23515625 0.26953125
1 0.6234375 0.2390625 0.24140625 0.3171875
1 0.8703125 0.22578125 0.24375 0.29453125
1 0.5015625 0.53671875 0.98125 0.2578125
1 0.25078125 0.8015625 0.484375 0.2515625
1 0.74921875 0.80546875 0.48125 0.24375
2 0.50234375 0.9640625 0.990625 0.071875
3 0.05859375 0.16171875 0.07421875 0.0546875
3 0.3078125 0.16796875 0.065625 0.0484375
3 0.55859375 0.17109375 0.07265625 0.0515625
3 0.80703125 0.16796875 0.0703125 0.06640625
3 0.0640625 0.4890625 0.0671875 0.046875
3 0.06015625 0.74609375 0.06484375 0.04921875
3 0.55703125 0.73359375 0.059375 0.05078125
5 0.11875 0.23203125 0.2 0.0765625
5 0.371875 0.23203125 0.19140625 0.071875
5 0.609375 0.25 0.18359375 0.115625
5 0.86328125 0.23828125 0.190625 0.08125
5 0.18125 0.5328125 0.29921875 0.03203125
5 0.19921875 0.803125 0.34140625 0.03984375
5 0.7 0.79140625 0.35625 0.06015625
0 0.05859375 0.30625 0.071875 0.07265625
0 0.303125 0.30703125 0.05234375 0.07421875
0 0.5546875 0.33828125 0.07109375 0.0640625
0 0.80625 0.309375 0.07421875 0.0640625
0 0.05859375 0.59296875 0.06328125 0.0765625
0 0.06328125 0.85078125 0.06953125 0.06328125
0 0.55078125 0.85 0.0578125 0.06484375