4 0.0953125 0.0453125 0.153125 0.07578125
1 0.13046875 0.49453125 0.2390625 0.28125
1 0.25234375 0.2203125 0.48046875 0.2390625
1 0.746875 0.22109375 0.48046875 0.25234375
3 0.05625 0.16328125 0.059375 0.04296875
3 0.55234375 0.1640625 0.05234375 0.0484375
5 0.184375 0.21953125 0.31015625 0.04296875
5 0.6796875 0.215625 0.31171875 0.05078125
0 0.06171875 0.27109375 0.0734375 0.05625
0 0.55859375 0.27109375 0.06953125 0.05625
1 0.37890625 0.49453125 0.2359375 0.27734375
1 0.62890625 0.496875 0.24453125 0.26796875
1 0.86953125 0.4953125 0.22890625 0.26015625
3 0.05625 0.428125 0.06328125 0.040625
3 0.3140625 0.42734375 0.08359375 0.04296875
3 0.546875 0.4328125 0.05390625 0.046875
3 0.79921875 0.4265625 0.06953125 0.05234375
5 0.11953125 0.49296875 0.18515625 0.0546875
5 0.3609375 0.4921875 0.1734375 0.05625
5 0.62109375 0.4953125 0.19296875 0.05859375
5 0.85078125 0.4921875 0.1609375 0.05625
5 0.171875 0.77265625 0.28828125 0.03515625
0 0.065625 0.56484375 0.0828125 0.0546875
0 0.3015625 0.56484375 0.05546875 0.05859375
0 0.559375 0.56640625 0.07578125 0.0640625
0 0.8046875 0.56484375 0.075 0.0625
0 0.06484375 0.8265625 0.08046875 0.05625
1 0.5 0.778125 0.98125 0.23125
2 0.50234375 0.95390625 0.9921875 0.0921875