4 0.0984375 0.04375 0.16171875 0.07578125
1 0.5 0.2265625 0.98359375 0.2390625
1 0.13046875 0.49921875 0.23828125 0.2703125
1 0.38125 0.49765625 0.23984375 0.2734375
1 0.6265625 0.49765625 0.234375 0.2734375
1 0.87265625 0.4984375 0.23203125 0.27890625
1 0.2515625 0.77421875 0.48671875 0.240625
1 0.746875 0.76796875 0.48359375 0.2390625
3 0.0578125 0.42421875 0.053125 0.04375
3 0.31328125 0.42734375 0.07421875 0.04375
3 0.5453125 0.4265625 0.053125 0.04140625
3 0.8015625 0.43046875 0.06328125 0.04921875
3 0.05703125 0.7109375 0.0625 0.04921875
3 0.56171875 0.7171875 0.07265625 0.05078125
5 0.13046875 0.5 0.2 0.07265625
5 0.36640625 0.49765625 0.190625 0.0671875
5 0.60546875 0.490625 0.17578125 0.06875
5 0.87265625 0.490625 0.20703125 0.06484375
5 0.18125 0.76328125 0.31484375 0.06015625
5 0.68046875 0.76640625 0.31796875 0.05078125
0 0.053125 0.56640625 0.05234375 0.05234375
0 0.30703125 0.56640625 0.06875 0.06015625
0 0.559375 0.5671875 0.075 0.06484375
0 0.8015625 0.56328125 0.06953125 0.06875
0 0.05625 0.8234375 0.06484375 0.05625
0 0.5609375 0.8234375 0.071875 0.06015625
0 0.0546875 0.27421875 0.053125 0.06015625
3 0.059375 0.16015625 0.0625 0.0453125
5 0.1859375 0.221875 0.31796875 0.05234375
2 0.50390625 0.959375 0.99140625 0.08125