4 0.1484375 0.04375 0.2625 0.0875
1 0.125 0.23984375 0.25 0.2984375
1 0.3796875 0.23984375 0.2484375 0.2890625
1 0.6265625 0.2359375 0.24375 0.29296875
1 0.86875 0.2328125 0.23828125 0.28828125
1 0.87265625 0.5234375 0.246875 0.27265625
1 0.6234375 0.5234375 0.2421875 0.2796875
1 0.37421875 0.52890625 0.2421875 0.28046875
1 0.12734375 0.52734375 0.24140625 0.27890625
3 0.303125 0.159375 0.0671875 0.04765625
3 0.55078125 0.1609375 0.06328125 0.04921875
3 0.79140625 0.16640625 0.05703125 0.0484375
3 0.05703125 0.16015625 0.0734375 0.06484375
3 0.0578125 0.45078125 0.06953125 0.05546875
3 0.3015625 0.45390625 0.065625 0.0640625
3 0.5515625 0.45625 0.0609375 0.06328125
3 0.79921875 0.4515625 0.07421875 0.06875
0 0.30703125 0.30390625 0.07421875 0.07109375
0 0.06328125 0.30703125 0.078125 0.075
0 0.0578125 0.59609375 0.065625 0.0796875
0 0.30390625 0.596875 0.0734375 0.0734375
0 0.55234375 0.59765625 0.0609375 0.07109375
0 0.80390625 0.596875 0.071875 0.0640625
0 0.80234375 0.30625 0.075 0.06171875
0 0.54609375 0.30703125 0.06171875 0.05703125
5 0.621875 0.2328125 0.2125 0.0671875
5 0.1296875 0.23515625 0.215625 0.06328125
5 0.1140625 0.52109375 0.18203125 0.06015625
5 0.37265625 0.5234375 0.20625 0.06171875
5 0.6109375 0.5234375 0.1796875 0.06640625
5 0.865625 0.2375 0.19765625 0.06953125
5 0.865625 0.52578125 0.19453125 0.06875
2 0.5 0.83515625 1 0.32890625