4 0.13046875 0.0421875 0.2296875 0.08359375
1 0.12734375 0.2296875 0.2375 0.26953125
1 0.3765625 0.2328125 0.234375 0.28359375
1 0.6234375 0.221875 0.2390625 0.2890625
1 0.25234375 0.5046875 0.48046875 0.2625
1 0.7515625 0.50390625 0.48359375 0.246875
1 0.24765625 0.7671875 0.4859375 0.24375
1 0.75078125 0.7640625 0.47734375 0.246875
2 0.50078125 0.9515625 0.9984375 0.096875
3 0.0671875 0.16328125 0.08203125 0.046875
3 0.29765625 0.16171875 0.05703125 0.06171875
3 0.54921875 0.1640625 0.0546875 0.06640625
3 0.80234375 0.16171875 0.0671875 0.05625
3 0.05 0.4421875 0.06328125 0.06484375
3 0.56171875 0.44375 0.06796875 0.05
3 0.559375 0.7125 0.07109375 0.05703125
3 0.0640625 0.6984375 0.0703125 0.0609375
5 0.1203125 0.234375 0.19375 0.078125
5 0.37109375 0.234375 0.19765625 0.08671875
5 0.6234375 0.234375 0.209375 0.0703125
5 0.8703125 0.2296875 0.209375 0.0703125
5 0.19140625 0.5 0.33125 0.04921875
5 0.69765625 0.5 0.35 0.05078125
5 0.1953125 0.76015625 0.3359375 0.0515625
5 0.68359375 0.7671875 0.31640625 0.04921875
0 0.05546875 0.3046875 0.06875 0.06484375
0 0.3109375 0.31015625 0.0875 0.06640625
0 0.55390625 0.30546875 0.071875 0.075
0 0.80390625 0.30390625 0.07109375 0.0640625
0 0.0609375 0.56171875 0.0734375 0.06875
0 0.559375 0.55703125 0.07265625 0.06328125
0 0.07109375 0.8203125 0.09296875 0.071875
5 0.5546875 0.81875 0.0734375 0.06015625