4 0.17109375 0.04609375 0.30546875 0.08515625
1 0.13046875 0.23671875 0.24140625 0.2734375
1 0.37421875 0.23984375 0.240625 0.284375
1 0.62109375 0.240625 0.24765625 0.296875
1 0.8703125 0.2328125 0.24453125 0.28828125
3 0.303125 0.1703125 0.06015625 0.03984375
3 0.05703125 0.1703125 0.06484375 0.046875
3 0.54921875 0.16328125 0.06796875 0.03984375
3 0.80390625 0.165625 0.07578125 0.04140625
5 0.85546875 0.23671875 0.17890625 0.0703125
5 0.125 0.23125 0.20390625 0.06015625
5 0.36796875 0.2328125 0.19765625 0.0703125
5 0.6234375 0.23359375 0.20703125 0.07265625
0 0.80390625 0.30625 0.07421875 0.0578125
0 0.06640625 0.30234375 0.084375 0.06171875
0 0.31171875 0.3046875 0.078125 0.06484375
0 0.56015625 0.31015625 0.08984375 0.07265625
2 0.503125 0.7015625 0.99375 0.596875