4 0.2078125 0.0375 0.37890625 0.06953125
1 0.50390625 0.21953125 0.99140625 0.23984375
1 0.12578125 0.48984375 0.2359375 0.26484375
1 0.62421875 0.490625 0.2390625 0.278125
1 0.871875 0.4921875 0.2359375 0.27734375
1 0.37578125 0.490625 0.2359375 0.2578125
1 0.2515625 0.77109375 0.4859375 0.24921875
1 0.74765625 0.77109375 0.484375 0.24921875
2 0.49921875 0.9546875 0.9984375 0.090625
3 0.06015625 0.1640625 0.07265625 0.06640625
3 0.053125 0.41796875 0.05859375 0.05546875
3 0.30859375 0.4265625 0.06796875 0.046875
3 0.55078125 0.42421875 0.0609375 0.06328125
3 0.803125 0.42578125 0.07109375 0.0625
3 0.05546875 0.715625 0.0625 0.04453125
3 0.55859375 0.71640625 0.06640625 0.0625
5 0.175 0.21640625 0.3078125 0.046875
5 0.12265625 0.49453125 0.209375 0.06328125
5 0.3625 0.48671875 0.18359375 0.0734375
5 0.61875 0.49140625 0.190625 0.06953125
5 0.86875 0.49296875 0.2046875 0.0609375
5 0.17890625 0.76640625 0.30234375 0.046875
5 0.684375 0.76484375 0.325 0.05234375
0 0.05625 0.27421875 0.0640625 0.06484375
0 0.0546875 0.5640625 0.06171875 0.06640625
0 0.3078125 0.565625 0.0734375 0.06875
0 0.55 0.5671875 0.065625 0.0734375
0 0.80078125 0.56796875 0.07578125 0.06953125
0 0.06328125 0.8296875 0.078125 0.065625
0 0.54921875 0.82890625 0.06171875 0.06796875