4 0.209375 0.04375 0.38125 0.07578125
1 0.49921875 0.228125 0.98359375 0.24296875
1 0.13046875 0.50078125 0.240625 0.26640625
1 0.378125 0.49375 0.2375 0.2734375
1 0.625 0.4984375 0.23984375 0.275
1 0.86953125 0.4984375 0.23828125 0.2859375
1 0.25390625 0.7734375 0.48828125 0.24296875
1 0.75 0.775 0.48515625 0.25
2 0.5015625 0.95546875 0.996875 0.0859375
3 0.05390625 0.1640625 0.04921875 0.03828125
3 0.05859375 0.4265625 0.07109375 0.06015625
3 0.31171875 0.43203125 0.07109375 0.05234375
3 0.55625 0.4296875 0.07109375 0.046875
3 0.79453125 0.4265625 0.06484375 0.05234375
3 0.5625 0.71640625 0.07109375 0.06328125
3 0.05703125 0.7125 0.071875 0.05234375
5 0.190625 0.76484375 0.33515625 0.046875
5 0.3578125 0.790625 0.00078125 0.0125
5 0.684375 0.76640625 0.32890625 0.05078125
5 0.86484375 0.49375 0.209375 0.0703125
5 0.59921875 0.49921875 0.171875 0.08515625
5 0.375 0.49375 0.2125 0.0703125
5 0.12265625 0.490625 0.209375 0.07265625
5 0.18671875 0.2125 0.328125 0.05234375
0 0.05703125 0.28203125 0.06484375 0.07421875
0 0.06796875 0.56484375 0.0875 0.06171875
0 0.30546875 0.56875 0.06328125 0.06484375
0 0.55546875 0.56875 0.07578125 0.05078125
0 0.80234375 0.56484375 0.075 0.06484375
0 0.56015625 0.8234375 0.075 0.0671875
0 0.06171875 0.82421875 0.07421875 0.06171875