4 0.16953125 0.0453125 0.3 0.0859375
1 0.253125 0.22265625 0.49296875 0.253125
1 0.75234375 0.2203125 0.48671875 0.2515625
1 0.74921875 0.47734375 0.4921875 0.253125
1 0.25234375 0.48203125 0.48671875 0.24765625
3 0.5515625 0.16015625 0.05546875 0.04609375
3 0.05546875 0.16015625 0.0609375 0.06484375
3 0.05546875 0.42421875 0.05859375 0.05078125
3 0.55234375 0.4234375 0.07109375 0.04921875
5 0.18671875 0.22109375 0.3484375 0.0515625
5 0.67421875 0.2109375 0.2984375 0.05078125
5 0.678125 0.47265625 0.31328125 0.04765625
5 0.18515625 0.471875 0.31953125 0.0421875
0 0.05703125 0.53125 0.06484375 0.06484375
0 0.0578125 0.27109375 0.06328125 0.0703125
0 0.5609375 0.275 0.07578125 0.07421875
0 0.55859375 0.5328125 0.075 0.065625
2 0.5 0.80546875 1 0.38828125