4 0.09609375 0.04296875 0.1546875 0.075
1 0.5015625 0.221875 0.9828125 0.2296875
1 0.2515625 0.48125 0.4828125 0.240625
1 0.74921875 0.478125 0.4859375 0.2453125
1 0.12890625 0.74921875 0.23984375 0.26484375
1 0.375 0.74921875 0.2328125 0.27421875
1 0.62578125 0.75078125 0.24140625 0.25859375
1 0.86953125 0.75546875 0.23359375 0.265625
2 0.5015625 0.9484375 0.996875 0.103125
3 0.06015625 0.1640625 0.07734375 0.065625
3 0.05625 0.42109375 0.0640625 0.05390625
3 0.5578125 0.41953125 0.0671875 0.0640625
3 0.05703125 0.68046875 0.05546875 0.05078125
3 0.30234375 0.68359375 0.06171875 0.0609375
3 0.5546875 0.68515625 0.06640625 0.0640625
3 0.8015625 0.68984375 0.06640625 0.04921875
5 0.17890625 0.21875 0.30078125 0.03203125
5 0.1859375 0.478125 0.3140625 0.0359375
5 0.1265625 0.75234375 0.20390625 0.059375
5 0.35703125 0.75390625 0.16328125 0.0640625
5 0.6015625 0.75703125 0.16171875 0.0625
5 0.8671875 0.75625 0.20625 0.0609375
5 0.67109375 0.478125 0.28671875 0.0390625
0 0.06328125 0.2765625 0.0671875 0.059375
0 0.06015625 0.53046875 0.0640625 0.05859375
0 0.05390625 0.825 0.05078125 0.0671875
0 0.31171875 0.82734375 0.078125 0.06171875
0 0.5546875 0.8265625 0.071875 0.0625
0 0.8015625 0.828125 0.07109375 0.05625
0 0.5578125 0.5328125 0.06953125 0.059375