4 0.13515625 0.04921875 0.25546875 0.0984375
1 0.5 0.22578125 0.9875 0.25546875
1 0.2484375 0.4796875 0.49609375 0.25546875
1 0.75 0.48828125 0.4875 0.24921875
1 0.87265625 0.775 0.24609375 0.309375
1 0.621875 0.76015625 0.24140625 0.28515625
1 0.37578125 0.759375 0.246875 0.28984375
1 0.1296875 0.75625 0.246875 0.2875
5 0.17421875 0.21875 0.2953125 0.04609375
3 0.05859375 0.16640625 0.06015625 0.040625
3 0.05546875 0.434375 0.06015625 0.06328125
3 0.55234375 0.42421875 0.05859375 0.0578125
3 0.05546875 0.68828125 0.06171875 0.04375
3 0.30078125 0.6875 0.06171875 0.05625
3 0.55234375 0.6859375 0.07109375 0.05625
3 0.796875 0.68515625 0.0546875 0.05390625
5 0.2015625 0.48046875 0.33984375 0.0328125
5 0.68359375 0.475 0.31484375 0.03203125
5 0.85859375 0.77109375 0.1890625 0.08125
5 0.6234375 0.75234375 0.21171875 0.06875
5 0.3609375 0.753125 0.18359375 0.07109375
5 0.11875 0.7546875 0.190625 0.06328125
0 0.0609375 0.82734375 0.075 0.06015625
0 0.30625 0.8296875 0.0671875 0.0734375
0 0.55390625 0.82578125 0.08046875 0.06640625
0 0.7953125 0.85859375 0.0625 0.0671875
0 0.55625 0.534375 0.06640625 0.0625
0 0.05078125 0.53046875 0.046875 0.06328125
0 0.0578125 0.2765625 0.06328125 0.06328125
2 0.5 0.96796875 1 0.0640625