4 0.09140625 0.0421875 0.15 0.07421875
1 0.253125 0.22265625 0.4875 0.24296875
1 0.74921875 0.21796875 0.4875 0.24453125
1 0.1296875 0.4953125 0.23671875 0.27734375
1 0.3765625 0.4984375 0.23671875 0.271875
1 0.62578125 0.49453125 0.240625 0.271875
1 0.87265625 0.49609375 0.23671875 0.271875
0 0.50390625 0.77421875 0.98828125 0.24453125
0 0.5609375 0.2703125 0.078125 0.06171875
0 0.05390625 0.56484375 0.05625 0.06484375
0 0.3 0.56484375 0.05390625 0.07265625
0 0.55546875 0.56640625 0.0625 0.06328125
0 0.7953125 0.56640625 0.059375 0.06328125
0 0.059375 0.82421875 0.07265625 0.06875
5 0.1859375 0.7671875 0.32421875 0.04921875
5 0.10703125 0.49453125 0.16171875 0.06875
5 0.3890625 0.490625 0.22578125 0.06171875
5 0.61875 0.4953125 0.19765625 0.0671875
5 0.8640625 0.49453125 0.196875 0.06875
5 0.68515625 0.2140625 0.325 0.0546875
5 0.18203125 0.21796875 0.3125 0.034375
3 0.059375 0.16640625 0.06015625 0.0546875
3 0.55703125 0.1625 0.065625 0.05625
3 0.053125 0.42734375 0.06015625 0.0546875
3 0.30390625 0.425 0.06640625 0.05234375
3 0.54765625 0.43203125 0.05234375 0.05234375
3 0.79765625 0.42265625 0.065625 0.06015625
3 0.0625 0.7140625 0.075 0.05078125
2 0.50078125 0.95546875 0.99765625 0.0890625
0 0.0609375 0.27109375 0.06796875 0.05625