4 0.165625 0.0421875 0.31953125 0.07734375
1 0.12734375 0.2265625 0.23671875 0.27265625
1 0.37578125 0.23046875 0.23984375 0.27109375
1 0.6234375 0.22109375 0.2296875 0.2859375
1 0.87109375 0.22265625 0.2359375 0.28359375
1 0.50078125 0.5140625 0.984375 0.2390625
1 0.24921875 0.775 0.48359375 0.2296875
2 0.5046875 0.94921875 0.990625 0.1015625
3 0.0609375 0.16953125 0.07109375 0.06171875
3 0.30625 0.1625 0.0703125 0.0625
3 0.56171875 0.165625 0.08046875 0.06328125
3 0.79453125 0.1640625 0.05546875 0.06171875
3 0.0578125 0.45625 0.07265625 0.04609375
3 0.07109375 0.71796875 0.0890625 0.06171875
3 0.55390625 0.71484375 0.0625 0.04609375
5 0.128125 0.2296875 0.2046875 0.06640625
5 0.37734375 0.23359375 0.20703125 0.06875
5 0.6109375 0.23671875 0.190625 0.075
5 0.8703125 0.22890625 0.20625 0.0703125
5 0.17890625 0.51328125 0.31796875 0.05390625
5 0.1953125 0.7703125 0.34609375 0.0453125
5 0.6765625 0.76640625 0.31015625 0.04296875
0 0.06328125 0.30625 0.07890625 0.07421875
0 0.30859375 0.3125 0.0828125 0.0625
0 0.55703125 0.31015625 0.07109375 0.059375
0 0.80546875 0.303125 0.07890625 0.06796875
0 0.05703125 0.56796875 0.07734375 0.05703125
0 0.0625 0.82421875 0.07734375 0.053125
0 0.5578125 0.82578125 0.0625 0.06015625