4 0.10546875 0.03984375 0.17109375 0.078125
1 0.13125 0.2328125 0.234375 0.2890625
1 0.37734375 0.2390625 0.2390625 0.29296875
1 0.62265625 0.234375 0.23359375 0.28828125
1 0.87265625 0.2375 0.23828125 0.28515625
2 0.50234375 0.69140625 0.9953125 0.6140625
3 0.0609375 0.16328125 0.0703125 0.06015625
3 0.3078125 0.16484375 0.08125 0.08671875
3 0.55 0.16796875 0.06875 0.0578125
3 0.80625 0.17265625 0.075 0.0484375
5 0.11953125 0.23828125 0.19140625 0.06875
5 0.36640625 0.2390625 0.19765625 0.0703125
5 0.6125 0.23125 0.19140625 0.06953125
5 0.871875 0.23359375 0.21328125 0.084375
0 0.0640625 0.30859375 0.0890625 0.06953125
0 0.309375 0.30859375 0.0796875 0.06953125
0 0.55625 0.30625 0.07265625 0.0796875
0 0.79765625 0.30859375 0.07734375 0.06015625