4 0.1125 0.04765625 0.1875 0.0890625
1 0.25390625 0.2234375 0.48828125 0.2484375
1 0.75078125 0.22109375 0.484375 0.25703125
1 0.1296875 0.49453125 0.23828125 0.275
1 0.37578125 0.49375 0.2375 0.27734375
1 0.62421875 0.49375 0.24140625 0.2734375
1 0.86953125 0.49453125 0.2375 0.27890625
1 0.503125 0.77265625 0.98515625 0.259375
2 0.5015625 0.9578125 0.996875 0.078125
3 0.05625 0.1609375 0.05859375 0.0578125
3 0.56015625 0.159375 0.07890625 0.0578125
3 0.0609375 0.4265625 0.078125 0.05234375
3 0.303125 0.42578125 0.0625 0.0546875
3 0.5515625 0.425 0.06171875 0.05234375
3 0.7953125 0.425 0.06796875 0.05625
3 0.06328125 0.71640625 0.07578125 0.0453125
5 0.18828125 0.7671875 0.32265625 0.04140625
5 0.1234375 0.490625 0.20546875 0.07265625
5 0.36484375 0.49296875 0.18359375 0.0796875
5 0.61796875 0.4953125 0.19609375 0.078125
5 0.8578125 0.4921875 0.18046875 0.07421875
0 0.05859375 0.56328125 0.08046875 0.06171875
0 0.31328125 0.56875 0.08203125 0.06171875
0 0.55703125 0.5640625 0.075 0.05625
0 0.8015625 0.5671875 0.06953125 0.06171875
0 0.5609375 0.27109375 0.065625 0.05625
0 0.06171875 0.828125 0.065625 0.06484375
0 0.05859375 0.26796875 0.06015625 0.0578125
5 0.18671875 0.21640625 0.321875 0.05234375
5 0.6890625 0.215625 0.33203125 0.046875