4 0.1296875 0.046875 0.2203125 0.09296875
1 0.2515625 0.2203125 0.4859375 0.25546875
1 0.74921875 0.2171875 0.48984375 0.23515625
1 0.13125 0.49453125 0.2328125 0.2578125
1 0.378125 0.4921875 0.2328125 0.28203125
1 0.62578125 0.48984375 0.23359375 0.2828125
1 0.87578125 0.49296875 0.2359375 0.28828125
1 0.5046875 0.76171875 0.990625 0.2390625
2 0.5015625 0.94921875 0.996875 0.1015625
3 0.05625 0.15234375 0.07734375 0.08046875
3 0.55625 0.15859375 0.06640625 0.059375
3 0.05390625 0.425 0.059375 0.05703125
3 0.31171875 0.4265625 0.0671875 0.06015625
3 0.55 0.4234375 0.06640625 0.0828125
3 0.80078125 0.42109375 0.0671875 0.06796875
3 0.05546875 0.71953125 0.06015625 0.05546875
5 0.1921875 0.21796875 0.32890625 0.04296875
5 0.68046875 0.21640625 0.3234375 0.0546875
5 0.1140625 0.4859375 0.1875 0.07109375
5 0.38828125 0.496875 0.23125 0.07421875
5 0.6078125 0.4953125 0.17109375 0.075
5 0.865625 0.49609375 0.20546875 0.0671875
5 0.184375 0.7703125 0.31875 0.05078125
0 0.06171875 0.271875 0.07890625 0.0734375
0 0.56015625 0.27734375 0.08125 0.065625
0 0.06015625 0.56484375 0.08359375 0.07421875
0 0.3078125 0.56328125 0.0703125 0.06171875
0 0.55859375 0.5640625 0.07734375 0.06328125
0 0.80546875 0.5671875 0.0796875 0.06953125
0 0.0609375 0.8234375 0.084375 0.06015625