4 0.2078125 0.0453125 0.38125 0.08359375
1 0.50234375 0.2203125 0.9953125 0.228125
1 0.13046875 0.49140625 0.2375 0.27109375
1 0.37578125 0.496875 0.2375 0.2859375
1 0.62578125 0.49453125 0.228125 0.27734375
1 0.8734375 0.503125 0.23515625 0.31484375
1 0.2515625 0.80234375 0.4796875 0.25546875
1 0.75078125 0.80234375 0.48359375 0.25078125
2 0.5 0.9703125 1 0.059375
3 0.05859375 0.16640625 0.06875 0.06171875
3 0.05859375 0.42578125 0.071875 0.05234375
3 0.3078125 0.4265625 0.0625 0.05
3 0.55703125 0.4234375 0.06796875 0.0671875
3 0.79921875 0.4265625 0.06640625 0.07578125
3 0.053125 0.74765625 0.05859375 0.05390625
3 0.5546875 0.7375 0.06484375 0.04765625
5 0.19296875 0.21953125 0.33203125 0.05078125
5 0.1265625 0.49140625 0.19609375 0.07265625
5 0.3546875 0.4984375 0.175 0.071875
5 0.61171875 0.4953125 0.18359375 0.07109375
5 0.84765625 0.5125 0.16640625 0.0953125
5 0.1984375 0.79765625 0.34921875 0.04765625
5 0.6828125 0.79921875 0.32578125 0.0453125
0 0.06484375 0.2796875 0.08984375 0.06953125
0 0.071875 0.5734375 0.0921875 0.06796875
0 0.3078125 0.5734375 0.06796875 0.06796875
0 0.55859375 0.56953125 0.08203125 0.06953125
0 0.8015625 0.59765625 0.07265625 0.0640625
0 0.05859375 0.85234375 0.071875 0.0609375
0 0.55546875 0.85234375 0.07109375 0.06484375