4 0.09765625 0.0421875 0.16875 0.08359375
1 0.128125 0.23203125 0.24140625 0.26875
1 0.375 0.23671875 0.240625 0.2640625
1 0.62421875 0.2328125 0.2390625 0.26640625
1 0.871875 0.2296875 0.23203125 0.28828125
1 0.5015625 0.51171875 0.97890625 0.23359375
1 0.2515625 0.76953125 0.48828125 0.2234375
1 0.75546875 0.77109375 0.48828125 0.26953125
2 0.503125 0.95078125 0.99375 0.0984375
3 0.0546875 0.1625 0.05859375 0.0578125
3 0.30234375 0.16640625 0.06015625 0.05625
3 0.5546875 0.165625 0.06953125 0.0453125
3 0.80703125 0.1671875 0.09140625 0.06796875
3 0.06953125 0.45859375 0.09375 0.06015625
3 0.065625 0.7109375 0.0890625 0.06328125
3 0.5578125 0.709375 0.08203125 0.08359375
5 0.13046875 0.2328125 0.22109375 0.07265625
5 0.3578125 0.24140625 0.1734375 0.07109375
5 0.6046875 0.240625 0.175 0.0640625
5 0.865625 0.23984375 0.20234375 0.06796875
5 0.1875 0.51796875 0.34140625 0.04921875
5 0.178125 0.76640625 0.31875 0.0484375
5 0.68515625 0.771875 0.32734375 0.0296875
0 0.0546875 0.30625 0.0703125 0.07421875
0 0.31484375 0.3109375 0.09921875 0.06171875
0 0.5546875 0.31328125 0.078125 0.06953125
0 0.80390625 0.30859375 0.07890625 0.065625
0 0.06484375 0.5734375 0.0921875 0.06796875
0 0.0515625 0.82265625 0.0515625 0.06328125
0 0.5578125 0.8234375 0.084375 0.07421875