4 0.1703125 0.04453125 0.30625 0.0890625
1 0.128125 0.23359375 0.24140625 0.2859375
1 0.3765625 0.23515625 0.24375 0.27421875
1 0.62578125 0.23671875 0.2390625 0.28046875
1 0.87109375 0.22734375 0.2421875 0.29375
1 0.2484375 0.515625 0.49453125 0.2453125
1 0.74921875 0.5078125 0.4875 0.25078125
1 0.5 0.771875 0.98671875 0.2453125
3 0.29921875 0.1703125 0.05234375 0.05703125
3 0.053125 0.1671875 0.0625 0.065625
3 0.546875 0.16875 0.05390625 0.05703125
3 0.8 0.16875 0.0671875 0.05390625
3 0.5546875 0.4546875 0.071875 0.05625
3 0.05234375 0.44921875 0.0546875 0.0515625
3 0.05390625 0.715625 0.05703125 0.0578125
5 0.18671875 0.509375 0.32109375 0.04765625
5 0.67265625 0.51015625 0.3046875 0.04296875
5 0.12421875 0.2359375 0.20234375 0.07265625
5 0.3515625 0.23359375 0.1609375 0.06796875
5 0.62109375 0.23359375 0.2046875 0.06796875
5 0.85625 0.23515625 0.1828125 0.06328125
5 0.17109375 0.76796875 0.29609375 0.046875
0 0.05703125 0.30703125 0.06484375 0.0640625
0 0.30703125 0.30625 0.06953125 0.065625
0 0.0609375 0.5625 0.06953125 0.0578125
0 0.553125 0.5625 0.05703125 0.0578125
0 0.0609375 0.82265625 0.06875 0.0625
0 0.5453125 0.30390625 0.05625 0.06640625
0 0.8046875 0.3046875 0.078125 0.06484375
2 0.5 0.95078125 1 0.0984375