4 0.13671875 0.04453125 0.253125 0.08203125
1 0.12890625 0.23828125 0.240625 0.25234375
1 0.37578125 0.23203125 0.23984375 0.2640625
1 0.625 0.2328125 0.23828125 0.2796875
1 0.8734375 0.23203125 0.23828125 0.29375
1 0.49609375 0.50625 0.9921875 0.2375
1 0.25078125 0.77265625 0.48046875 0.23359375
1 0.74921875 0.7734375 0.484375 0.2453125
2 0.5015625 0.95078125 0.996875 0.0984375
3 0.0515625 0.1640625 0.0625 0.05625
3 0.30703125 0.15625 0.06796875 0.05390625
3 0.559375 0.16015625 0.0703125 0.05859375
3 0.79765625 0.159375 0.0671875 0.07578125
3 0.559375 0.709375 0.06171875 0.05546875
3 0.05859375 0.46015625 0.07421875 0.05859375
3 0.0578125 0.71171875 0.0625 0.0640625
5 0.1234375 0.23125 0.1984375 0.0703125
5 0.37265625 0.23359375 0.2171875 0.07890625
5 0.6078125 0.2328125 0.1765625 0.07734375
5 0.85234375 0.23359375 0.17109375 0.07890625
5 0.18203125 0.5140625 0.32734375 0.03671875
5 0.2046875 0.76015625 0.36171875 0.040625
5 0.68984375 0.7671875 0.33984375 0.0453125
0 0.06640625 0.30703125 0.0921875 0.07109375
0 0.31953125 0.31484375 0.09921875 0.07109375
0 0.559375 0.31015625 0.0796875 0.06796875
0 0.80625 0.309375 0.07265625 0.071875
0 0.059375 0.56484375 0.0796875 0.06484375
0 0.05390625 0.821875 0.0625 0.06640625
0 0.55625 0.82265625 0.06171875 0.0546875