4 0.171875 0.04609375 0.3109375 0.08984375
1 0.1296875 0.2328125 0.240625 0.26953125
1 0.37734375 0.2328125 0.24140625 0.26953125
1 0.621875 0.234375 0.24140625 0.27265625
1 0.86953125 0.23359375 0.23984375 0.28125
1 0.2515625 0.50703125 0.48671875 0.24140625
1 0.74921875 0.50625 0.4890625 0.24765625
1 0.4984375 0.76953125 0.9859375 0.24921875
3 0.05546875 0.16953125 0.0734375 0.0484375
3 0.30078125 0.17109375 0.0640625 0.06640625
3 0.54921875 0.16796875 0.06875 0.06015625
3 0.79453125 0.1671875 0.06171875 0.04765625
3 0.55234375 0.4578125 0.06640625 0.05546875
3 0.05703125 0.45234375 0.0734375 0.0671875
3 0.06171875 0.71484375 0.0734375 0.053125
0 0.06015625 0.30859375 0.07421875 0.0875
0 0.30625 0.30625 0.07421875 0.071875
0 0.55078125 0.30390625 0.06171875 0.07890625
0 0.8015625 0.30546875 0.08125 0.0671875
0 0.0640625 0.5609375 0.08359375 0.0703125
0 0.55390625 0.56015625 0.059375 0.071875
0 0.06640625 0.8265625 0.078125 0.08046875
5 0.16953125 0.50625 0.29921875 0.0390625
5 0.11875 0.22734375 0.19140625 0.0640625
5 0.37265625 0.2328125 0.21796875 0.05859375
5 0.615625 0.23359375 0.20234375 0.06015625
5 0.87109375 0.23671875 0.2171875 0.07734375
5 0.675 0.50234375 0.30390625 0.040625
5 0.1765625 0.7703125 0.2984375 0.04296875
2 0.5 0.95 1 0.09921875