4 0.17265625 0.04453125 0.30859375 0.07421875
1 0.12890625 0.234375 0.246875 0.28046875
1 0.37734375 0.23125 0.24140625 0.29140625
1 0.62578125 0.234375 0.234375 0.284375
1 0.8734375 0.23828125 0.24453125 0.27734375
1 0.25078125 0.51171875 0.48515625 0.2484375
1 0.75078125 0.5125 0.48046875 0.2609375
1 0.503125 0.76796875 0.98515625 0.24296875
2 0.50234375 0.9484375 0.99453125 0.103125
3 0.04921875 0.1609375 0.05703125 0.0546875
3 0.30859375 0.16015625 0.07421875 0.06328125
3 0.55546875 0.16640625 0.07578125 0.0578125
3 0.79765625 0.171875 0.05859375 0.05078125
3 0.55625 0.45078125 0.06640625 0.05078125
3 0.06015625 0.45 0.06875 0.06015625
3 0.06484375 0.715625 0.08359375 0.0578125
5 0.1796875 0.50625 0.30546875 0.04921875
5 0.68203125 0.5046875 0.32421875 0.04921875
5 0.18984375 0.76796875 0.33046875 0.05078125
5 0.37109375 0.22890625 0.20234375 0.078125
5 0.62578125 0.221875 0.215625 0.0890625
5 0.85859375 0.23515625 0.18203125 0.07265625
0 0.8 0.30703125 0.06875 0.06015625
0 0.55625 0.55546875 0.06484375 0.05234375
0 0.05 0.5625 0.04609375 0.0703125
0 0.0578125 0.825 0.071875 0.05234375
0 0.05859375 0.30625 0.065625 0.06171875
5 0.12734375 0.2296875 0.20625 0.06171875
0 0.31171875 0.3015625 0.078125 0.0671875
0 0.5453125 0.30625 0.046875 0.06875