4 0.09375 0.0421875 0.146875 0.08046875
1 0.12890625 0.2328125 0.24140625 0.2765625
1 0.378125 0.2296875 0.24609375 0.28359375
1 0.625 0.23046875 0.24140625 0.28984375
1 0.87109375 0.22734375 0.24609375 0.29375
1 0.50078125 0.51640625 0.98828125 0.25078125
1 0.2515625 0.77265625 0.49765625 0.23125
1 0.74921875 0.7734375 0.48125 0.24765625
3 0.0625 0.159375 0.07265625 0.05703125
3 0.303125 0.1703125 0.07109375 0.03046875
3 0.55078125 0.1703125 0.06953125 0.05703125
3 0.79140625 0.16640625 0.05390625 0.05625
3 0.06171875 0.45390625 0.06796875 0.0453125
3 0.06015625 0.71953125 0.06953125 0.05390625
3 0.553125 0.715625 0.06328125 0.0484375
5 0.1234375 0.23203125 0.19375 0.065625
5 0.3625 0.23125 0.18046875 0.0734375
5 0.61796875 0.234375 0.19140625 0.06640625
5 0.8515625 0.23359375 0.17109375 0.06796875
5 0.18984375 0.50546875 0.3234375 0.040625
5 0.18984375 0.7703125 0.32578125 0.0328125
0 0.05859375 0.3109375 0.06640625 0.07109375
0 0.3046875 0.30625 0.06640625 0.0703125
0 0.553125 0.30859375 0.065625 0.071875
0 0.79765625 0.30859375 0.05859375 0.0671875
0 0.059375 0.5671875 0.0671875 0.06171875
0 0.0625 0.82421875 0.071875 0.06875
0 0.553125 0.821875 0.05859375 0.06328125
2 0.5 0.95078125 1 0.0984375