4 0.16953125 0.0421875 0.30390625 0.08359375
1 0.50078125 0.22265625 0.98828125 0.24921875
1 0.25078125 0.478125 0.484375 0.24921875
1 0.74921875 0.47890625 0.48984375 0.25078125
1 0.12890625 0.75546875 0.240625 0.278125
1 0.378125 0.7515625 0.2375 0.27421875
1 0.62578125 0.7546875 0.2421875 0.28046875
1 0.8734375 0.75078125 0.2421875 0.275
0 0.06171875 0.27578125 0.0703125 0.06484375
0 0.05859375 0.53203125 0.07421875 0.0640625
0 0.5609375 0.5328125 0.07578125 0.059375
0 0.06171875 0.82265625 0.075 0.071875
0 0.30625 0.8234375 0.0640625 0.07265625
0 0.559375 0.8296875 0.07578125 0.0703125
0 0.7984375 0.8265625 0.065625 0.06484375
3 0.05390625 0.1609375 0.05625 0.05234375
3 0.0578125 0.4234375 0.05625 0.05703125
3 0.54921875 0.42421875 0.05859375 0.06171875
3 0.053125 0.68828125 0.05703125 0.05625
3 0.3046875 0.6890625 0.07109375 0.0515625
3 0.55625 0.68984375 0.08203125 0.04921875
3 0.7921875 0.68515625 0.0578125 0.04375
5 0.17265625 0.475 0.3046875 0.0359375
5 0.17890625 0.21640625 0.3046875 0.0390625
5 0.68515625 0.47734375 0.33671875 0.03984375
5 0.12421875 0.75078125 0.20703125 0.07265625
5 0.36484375 0.75234375 0.18515625 0.0578125
5 0.6109375 0.75703125 0.1859375 0.071875
5 0.86328125 0.75 0.20546875 0.071875
2 0.5 0.95234375 1 0.0953125