4 0.12734375 0.04375 0.21484375 0.08671875
1 0.5015625 0.225 0.98828125 0.23046875
1 0.2484375 0.48359375 0.4796875 0.2546875
1 0.7453125 0.48046875 0.4890625 0.25390625
2 0.50390625 0.809375 0.9921875 0.38125
3 0.04921875 0.1625 0.05859375 0.071875
3 0.05625 0.41953125 0.0734375 0.06015625
3 0.5546875 0.42265625 0.06953125 0.06640625
5 0.1859375 0.2203125 0.3265625 0.046875
5 0.19765625 0.471875 0.36640625 0.0484375
5 0.69453125 0.47578125 0.3609375 0.0375
0 0.06484375 0.2828125 0.07421875 0.07578125
0 0.06171875 0.5265625 0.084375 0.07109375
0 0.553125 0.5453125 0.06484375 0.0859375