4 0.140625 0.03828125 0.24375 0.07578125
1 0.49921875 0.23515625 0.98671875 0.24609375
1 0.25234375 0.48515625 0.4921875 0.22890625
1 0.75390625 0.4828125 0.4921875 0.23125
2 0.5015625 0.8046875 0.996875 0.390625
3 0.05703125 0.16484375 0.06875 0.04765625
3 0.0546875 0.41875 0.0640625 0.07734375
3 0.55390625 0.42109375 0.07265625 0.053125
5 0.18125 0.215625 0.321875 0.05859375
5 0.19375 0.47421875 0.33671875 0.034375
5 0.67265625 0.478125 0.3078125 0.05625
0 0.0625 0.28046875 0.071875 0.07109375
0 0.05703125 0.53203125 0.06484375 0.0578125
0 0.55 0.52734375 0.06640625 0.0578125