4 0.171875 0.04609375 0.30859375 0.08125
1 0.50234375 0.2296875 0.9875 0.25390625
1 0.25 0.4828125 0.48984375 0.24453125
1 0.75234375 0.48125 0.4875 0.2515625
1 0.1296875 0.75625 0.24296875 0.28046875
1 0.38046875 0.75625 0.23984375 0.27734375
1 0.625 0.75390625 0.23515625 0.271875
1 0.8734375 0.7515625 0.24453125 0.2828125
3 0.065625 0.68359375 0.07109375 0.06328125
3 0.30859375 0.69140625 0.06953125 0.06328125
3 0.55546875 0.68671875 0.06796875 0.0578125
3 0.79921875 0.68828125 0.065625 0.0578125
3 0.05703125 0.4265625 0.07265625 0.05234375
3 0.56640625 0.421875 0.084375 0.06171875
5 0.1796875 0.478125 0.31328125 0.05078125
5 0.69140625 0.478125 0.34375 0.046875
5 0.125 0.75546875 0.19765625 0.07265625
5 0.37109375 0.7578125 0.19921875 0.07421875
5 0.6234375 0.7546875 0.20078125 0.0703125
5 0.86953125 0.75625 0.20703125 0.07421875
0 0.06484375 0.53359375 0.07265625 0.05234375
0 0.5609375 0.53203125 0.06953125 0.06015625
0 0.06015625 0.82734375 0.06640625 0.06328125
0 0.30859375 0.82578125 0.07109375 0.06484375
0 0.55546875 0.83046875 0.07265625 0.05625
0 0.79765625 0.82734375 0.0625 0.0671875
0 0.06015625 0.278125 0.06328125 0.06015625
5 0.196875 0.2125 0.33671875 0.0515625
3 0.06328125 0.1640625 0.08203125 0.053125
2 0.5 0.95546875 1 0.08828125