4 0.103125 0.04375 0.16953125 0.08046875
1 0.25 0.21953125 0.47734375 0.2578125
1 0.74921875 0.2171875 0.478125 0.2546875
1 0.871875 0.49296875 0.25625 0.2703125
1 0.6203125 0.49375 0.23515625 0.26640625
1 0.375 0.4953125 0.23515625 0.25390625
1 0.1265625 0.49453125 0.23828125 0.2578125
3 0.0578125 0.16171875 0.053125 0.05078125
3 0.55703125 0.16015625 0.07734375 0.0671875
3 0.05703125 0.425 0.0578125 0.0515625
3 0.3046875 0.41875 0.0671875 0.06796875
3 0.55390625 0.421875 0.08203125 0.06484375
3 0.80234375 0.4328125 0.078125 0.05703125
5 0.1828125 0.21328125 0.31171875 0.04765625
5 0.675 0.221875 0.3078125 0.04609375
5 0.125 0.49140625 0.196875 0.0640625
5 0.35625 0.4953125 0.18359375 0.07578125
5 0.621875 0.48984375 0.2015625 0.06484375
5 0.88046875 0.5046875 0.23828125 0.07578125
2 0.5 0.81796875 1 0.3640625
0 0.0484375 0.26484375 0.06015625 0.0640625
0 0.55390625 0.26796875 0.05859375 0.0609375
0 0.0578125 0.56328125 0.06953125 0.071875
0 0.3109375 0.56484375 0.0765625 0.075
0 0.55625 0.56015625 0.0734375 0.0890625
0 0.7875 0.565625 0.05546875 0.07109375