4 0.19609375 0.0453125 0.36484375 0.090625
1 0.50078125 0.2203125 0.98828125 0.24375
1 0.1296875 0.49375 0.2421875 0.2703125
1 0.37578125 0.4984375 0.24140625 0.271875
1 0.625 0.49296875 0.24453125 0.2828125
1 0.87109375 0.49375 0.24296875 0.2796875
1 0.128125 0.78125 0.24375 0.27890625
1 0.3765625 0.78125 0.23984375 0.27578125
1 0.62578125 0.7875 0.246875 0.26953125
1 0.8703125 0.77890625 0.2390625 0.2859375
3 0.05859375 0.16953125 0.07421875 0.0609375
3 0.05859375 0.428125 0.0625 0.06171875
3 0.303125 0.43125 0.0671875 0.065625
3 0.55078125 0.4296875 0.0671875 0.05859375
3 0.8015625 0.434375 0.078125 0.05625
3 0.06328125 0.72109375 0.078125 0.05390625
3 0.3046875 0.7203125 0.06796875 0.05234375
3 0.54765625 0.71953125 0.05703125 0.04765625
3 0.79921875 0.7171875 0.06484375 0.06328125
0 0.06015625 0.85546875 0.071875 0.07578125
0 0.3125 0.853125 0.09140625 0.07421875
0 0.55625 0.86015625 0.0703125 0.06328125
0 0.8 0.85390625 0.06953125 0.07734375
0 0.05703125 0.56171875 0.0734375 0.065625
0 0.30859375 0.56328125 0.075 0.07421875
0 0.55546875 0.5640625 0.0765625 0.06796875
0 0.79375 0.56875 0.0546875 0.059375
0 0.0625 0.2765625 0.07109375 0.0671875
5 0.18359375 0.2171875 0.31875 0.0296875
5 0.10859375 0.4890625 0.1671875 0.0625
5 0.35625 0.4953125 0.1796875 0.06484375
5 0.61953125 0.49609375 0.21015625 0.06796875
5 0.86484375 0.4984375 0.215625 0.07265625
5 0.11953125 0.78359375 0.20078125 0.059375
5 0.36953125 0.784375 0.20078125 0.0609375
5 0.6171875 0.78359375 0.21328125 0.065625
5 0.8484375 0.7875 0.1796875 0.06328125
2 0.5 0.96015625 1 0.0796875