4 0.17890625 0.0453125 0.3296875 0.090625
1 0.25390625 0.2140625 0.49140625 0.253125
1 0.74921875 0.21640625 0.48515625 0.24765625
1 0.50078125 0.478125 0.98515625 0.24375
1 0.87109375 0.75234375 0.2421875 0.28203125
1 0.6234375 0.75390625 0.240625 0.28203125
1 0.37421875 0.76640625 0.24140625 0.32890625
1 0.12890625 0.75859375 0.2421875 0.2921875
3 0.0484375 0.16328125 0.05390625 0.04296875
3 0.55546875 0.16171875 0.0625 0.0609375
3 0.06015625 0.4265625 0.0640625 0.053125
3 0.05703125 0.6921875 0.07421875 0.06171875
3 0.3015625 0.68515625 0.065625 0.05859375
3 0.55625 0.6859375 0.065625 0.07109375
3 0.8 0.68828125 0.06953125 0.0578125
5 0.19296875 0.21953125 0.33984375 0.05390625
5 0.671875 0.21796875 0.30625 0.05078125
5 0.19609375 0.475 0.33359375 0.04296875
5 0.109375 0.7609375 0.17265625 0.06640625
5 0.371875 0.76640625 0.20625 0.1046875
5 0.615625 0.753125 0.20234375 0.0671875
5 0.86328125 0.7578125 0.20546875 0.06484375
0 0.06171875 0.27890625 0.0734375 0.06953125
0 0.55546875 0.26875 0.071875 0.065625
0 0.059375 0.53125 0.06953125 0.0625
0 0.05859375 0.82421875 0.07109375 0.065625
0 0.30859375 0.85859375 0.078125 0.06640625
0 0.546875 0.82734375 0.06015625 0.06796875
0 0.80234375 0.82265625 0.07109375 0.06484375
2 0.49921875 0.95703125 0.9984375 0.0859375