4 0.16640625 0.04765625 0.28671875 0.0890625
1 0.24921875 0.225 0.49140625 0.2265625
1 0.7484375 0.21953125 0.4765625 0.24453125
1 0.12734375 0.49140625 0.24375 0.2671875
1 0.3796875 0.49765625 0.24140625 0.25859375
1 0.6234375 0.490625 0.22734375 0.259375
1 0.8734375 0.49296875 0.23515625 0.27421875
2 0.50078125 0.82109375 0.9984375 0.3578125
3 0.059375 0.1640625 0.059375 0.04921875
3 0.55234375 0.15390625 0.053125 0.05859375
3 0.06171875 0.4203125 0.0640625 0.0703125
3 0.31640625 0.425 0.08125 0.06484375
3 0.55390625 0.421875 0.06796875 0.0578125
3 0.8046875 0.4359375 0.0703125 0.05859375
5 0.178125 0.21953125 0.30546875 0.04609375
5 0.67890625 0.2109375 0.31484375 0.05703125
5 0.13125 0.49609375 0.22265625 0.07265625
5 0.3703125 0.5015625 0.20625 0.06875
5 0.625 0.4921875 0.21015625 0.09375
5 0.85 0.49921875 0.17421875 0.06015625
0 0.06953125 0.27578125 0.08203125 0.0625
0 0.55390625 0.26875 0.06796875 0.0671875
0 0.06953125 0.56953125 0.0890625 0.07421875
0 0.30625 0.56796875 0.07734375 0.06171875
0 0.5515625 0.5671875 0.05703125 0.05625
0 0.80703125 0.565625 0.075 0.06640625