4 0.17109375 0.0421875 0.30390625 0.08125
1 0.25234375 0.22109375 0.484375 0.24609375
1 0.7453125 0.221875 0.48671875 0.2625
1 0.50078125 0.48125 0.98828125 0.24453125
1 0.12890625 0.76171875 0.240625 0.28046875
1 0.378125 0.75703125 0.24375 0.275
1 0.62265625 0.75234375 0.23671875 0.27734375
0 0.8734375 0.7546875 0.24296875 0.27734375
0 0.5515625 0.26875 0.05546875 0.06328125
0 0.06328125 0.53515625 0.07265625 0.0671875
0 0.0609375 0.82421875 0.071875 0.06875
0 0.30390625 0.82890625 0.06328125 0.078125
0 0.553125 0.82578125 0.06484375 0.06484375
0 0.80234375 0.825 0.06875 0.0671875
5 0.140625 0.75546875 0.2375 0.07265625
5 0.371875 0.75390625 0.20625 0.06875
5 0.61796875 0.75390625 0.18984375 0.07578125
5 0.17578125 0.47265625 0.30078125 0.0546875
5 0.67421875 0.2140625 0.309375 0.0546875
5 0.18203125 0.21796875 0.321875 0.04140625
3 0.55546875 0.16328125 0.06875 0.0546875
3 0.06171875 0.42578125 0.07265625 0.05078125
3 0.05546875 0.68671875 0.06953125 0.06171875
3 0.30625 0.67734375 0.06875 0.0546875
3 0.5546875 0.69140625 0.06796875 0.05234375
3 0.8 0.68515625 0.07890625 0.0546875
5 0.865625 0.75234375 0.19765625 0.0671875
2 0.5015625 0.95625 0.996875 0.08671875