4 0.0875 0.04453125 0.146875 0.08125
1 0.12890625 0.234375 0.24296875 0.27578125
1 0.37421875 0.234375 0.2421875 0.27578125
1 0.625 0.23203125 0.23828125 0.27578125
1 0.8703125 0.23203125 0.240625 0.28125
1 0.8703125 0.52421875 0.2390625 0.2828125
1 0.1296875 0.52109375 0.24140625 0.27109375
1 0.37890625 0.5234375 0.2515625 0.2890625
1 0.6234375 0.5265625 0.24921875 0.29140625
3 0.06328125 0.16875 0.075 0.05078125
3 0.303125 0.17109375 0.06171875 0.059375
3 0.54921875 0.16875 0.06015625 0.06796875
3 0.7953125 0.1703125 0.053125 0.06796875
3 0.79609375 0.4578125 0.06171875 0.06328125
3 0.55 0.45703125 0.0625 0.06796875
3 0.30390625 0.4625 0.06328125 0.053125
3 0.05234375 0.45703125 0.05859375 0.05078125
5 0.128125 0.2328125 0.2125 0.0703125
5 0.36953125 0.23828125 0.2015625 0.065625
5 0.59765625 0.23515625 0.15703125 0.06328125
5 0.86796875 0.2359375 0.2109375 0.0578125
5 0.11328125 0.52578125 0.178125 0.065625
5 0.359375 0.53046875 0.1875 0.0703125
5 0.61171875 0.5265625 0.19375 0.0703125
5 0.84765625 0.525 0.165625 0.0703125
0 0.0609375 0.30859375 0.07734375 0.07265625
0 0.296875 0.3078125 0.0515625 0.059375
0 0.55078125 0.30625 0.071875 0.06875
0 0.790625 0.30859375 0.05 0.06875
0 0.79375 0.596875 0.0625 0.071875
0 0.553125 0.59609375 0.07109375 0.06171875
0 0.30390625 0.6 0.06328125 0.06953125
0 0.0546875 0.596875 0.05546875 0.06875
2 0.5 0.83046875 1 0.32265625