4 0.20234375 0.04375 0.35703125 0.07578125
1 0.5 0.2265625 0.98984375 0.24296875
1 0.25234375 0.4828125 0.4875 0.2515625
1 0.75 0.478125 0.4875 0.24609375
1 0.13046875 0.75546875 0.23671875 0.26796875
1 0.37734375 0.75703125 0.23828125 0.27890625
1 0.625 0.75234375 0.23984375 0.2703125
1 0.87109375 0.7546875 0.24609375 0.2703125
3 0.05546875 0.69140625 0.05859375 0.05625
3 0.30078125 0.6875 0.05703125 0.04921875
3 0.553125 0.68515625 0.06875 0.05078125
3 0.80625 0.68828125 0.07109375 0.05078125
3 0.56015625 0.42421875 0.071875 0.0578125
3 0.05703125 0.42578125 0.06640625 0.03984375
3 0.06484375 0.16953125 0.08203125 0.05625