4 0.1 0.0421875 0.16796875 0.0828125
1 0.12734375 0.23125 0.234375 0.2625
1 0.3734375 0.23515625 0.2328125 0.26484375
1 0.62265625 0.2375 0.23515625 0.265625
1 0.8734375 0.234375 0.24296875 0.26953125
1 0.12890625 0.53125 0.22890625 0.28828125
1 0.37578125 0.52734375 0.2375 0.246875
1 0.625 0.5265625 0.2328125 0.26484375
1 0.8703125 0.528125 0.2390625 0.27734375
1 0.5046875 0.83125 0.990625 0.246875
3 0.05859375 0.1640625 0.0765625 0.06640625
3 0.30546875 0.1609375 0.0578125 0.06015625
3 0.55234375 0.1640625 0.05625 0.05625
3 0.8 0.1609375 0.06640625 0.06953125
3 0.06171875 0.44765625 0.084375 0.0671875
3 0.3046875 0.45703125 0.0640625 0.06171875
3 0.55703125 0.46171875 0.075 0.06171875
3 0.796875 0.4578125 0.06015625 0.059375
5 0.12578125 0.2328125 0.20546875 0.06796875
5 0.3703125 0.22578125 0.2171875 0.06875
5 0.6125 0.2296875 0.18046875 0.07109375
5 0.85390625 0.23203125 0.17578125 0.07578125
5 0.10859375 0.5421875 0.171875 0.0875
5 0.3765625 0.5296875 0.2015625 0.0671875
5 0.6125 0.52734375 0.18046875 0.06796875
5 0.8640625 0.525 0.19765625 0.0671875
5 0.18984375 0.83125 0.3296875 0.06640625
3 0.06328125 0.76953125 0.07578125 0.04921875
0 0.0546875 0.3015625 0.06484375 0.07890625
0 0.3046875 0.30546875 0.075 0.07734375
0 0.56328125 0.3109375 0.0890625 0.08515625
0 0.79375 0.3125 0.06484375 0.07265625
0 0.06953125 0.62578125 0.09609375 0.07109375
0 0.29921875 0.59453125 0.046875 0.06640625
0 0.55234375 0.5953125 0.07109375 0.08359375
0 0.79921875 0.5921875 0.06484375 0.0765625
0 0.06171875 0.88828125 0.0671875 0.0453125