4 0.0984375 0.040625 0.16171875 0.08125
1 0.25234375 0.22265625 0.49453125 0.2609375
1 0.7515625 0.221875 0.484375 0.2515625
1 0.13046875 0.49765625 0.23125 0.28046875
1 0.37890625 0.49921875 0.23828125 0.27734375
1 0.62421875 0.4984375 0.23671875 0.26484375
1 0.8703125 0.49609375 0.23671875 0.271875
1 0.50078125 0.77421875 0.9875 0.240625
2 0.5015625 0.9546875 0.996875 0.090625
3 0.06015625 0.1625 0.06953125 0.0671875
3 0.5546875 0.165625 0.059375 0.06015625
3 0.05703125 0.43125 0.065625 0.06484375
3 0.3015625 0.425 0.05703125 0.05625
3 0.5515625 0.42578125 0.06796875 0.06171875
3 0.7984375 0.43359375 0.059375 0.05625
3 0.059375 0.7203125 0.06875 0.05625
5 0.1765625 0.76796875 0.30078125 0.04375
5 0.12578125 0.49375 0.196875 0.05625
5 0.37421875 0.4890625 0.20546875 0.06171875
5 0.62109375 0.49609375 0.2 0.06171875
5 0.84375 0.4953125 0.15859375 0.06015625
5 0.67421875 0.21484375 0.30703125 0.04921875
5 0.18515625 0.2171875 0.32734375 0.03984375
0 0.06015625 0.2703125 0.07109375 0.0578125
0 0.55234375 0.27109375 0.05625 0.06328125
0 0.06328125 0.5640625 0.07734375 0.0703125
0 0.30703125 0.5640625 0.07265625 0.07421875
0 0.5578125 0.5671875 0.06796875 0.07265625
0 0.80234375 0.5671875 0.06875 0.06484375
0 0.05703125 0.82890625 0.05625 0.0671875