4 0.1875 0.04609375 0.3375 0.08125
1 0.2515625 0.221875 0.490625 0.24453125
1 0.7484375 0.221875 0.48671875 0.2515625
1 0.50234375 0.48359375 0.98515625 0.24296875
1 0.13203125 0.75546875 0.24296875 0.271875
1 0.375 0.75546875 0.23359375 0.271875
1 0.625 0.75703125 0.24140625 0.2828125
1 0.87109375 0.77109375 0.24453125 0.30625
3 0.05234375 0.15859375 0.05390625 0.0453125
3 0.55625 0.1609375 0.06015625 0.046875
3 0.05390625 0.42578125 0.06171875 0.05078125
3 0.05859375 0.68671875 0.06171875 0.04375
3 0.30625 0.68828125 0.06015625 0.046875
3 0.55078125 0.68828125 0.06171875 0.046875
3 0.80234375 0.68671875 0.0625 0.0546875
5 0.6703125 0.215625 0.29453125 0.05078125
5 0.19140625 0.21640625 0.33515625 0.05234375
5 0.184375 0.48125 0.31875 0.05234375
5 0.11953125 0.75703125 0.18515625 0.0796875
5 0.36171875 0.7546875 0.175 0.0703125
5 0.621875 0.75625 0.20390625 0.06328125
5 0.85703125 0.77265625 0.18125 0.0921875
0 0.05859375 0.8234375 0.07421875 0.06015625
0 0.2984375 0.82578125 0.059375 0.06484375
0 0.54609375 0.82578125 0.05390625 0.06484375
0 0.80390625 0.85859375 0.07265625 0.06875
0 0.553125 0.27109375 0.06015625 0.0671875
0 0.0609375 0.5375 0.06953125 0.06328125
2 0.5 0.9625 1 0.07421875