4 0.16328125 0.04453125 0.296875 0.0890625
1 0.2515625 0.221875 0.484375 0.2484375
1 0.74921875 0.21796875 0.48984375 0.25546875
1 0.50234375 0.48671875 0.98125 0.2484375
1 0.13125 0.76484375 0.24140625 0.2828125
1 0.37890625 0.75625 0.23515625 0.2703125
1 0.6234375 0.7546875 0.24296875 0.2703125
1 0.871875 0.75546875 0.24375 0.26796875
2 0.50078125 0.95390625 0.99765625 0.0921875
3 0.06171875 0.16328125 0.078125 0.0578125
3 0.55859375 0.1625 0.07421875 0.05234375
3 0.05625 0.42265625 0.0625 0.04921875
3 0.05390625 0.68515625 0.05390625 0.06484375
3 0.30390625 0.6921875 0.0625 0.0546875
3 0.5515625 0.69140625 0.06328125 0.05625
3 0.80078125 0.6859375 0.07109375 0.0671875
5 0.18359375 0.2171875 0.31640625 0.046875
5 0.6859375 0.21484375 0.32421875 0.05234375
5 0.190625 0.4734375 0.33515625 0.04140625
5 0.12578125 0.75234375 0.20390625 0.0671875
5 0.37421875 0.75546875 0.19609375 0.06484375
5 0.59609375 0.7515625 0.15546875 0.07265625
5 0.86953125 0.75390625 0.203125 0.07265625
0 0.0546875 0.534375 0.05703125 0.06484375
0 0.0578125 0.26875 0.06328125 0.06328125
0 0.5640625 0.2734375 0.08046875 0.06484375
0 0.05859375 0.821875 0.06796875 0.0703125
0 0.30234375 0.828125 0.06328125 0.06875
0 0.559375 0.82578125 0.07734375 0.06875
0 0.8015625 0.8234375 0.071875 0.0671875