4 0.1453125 0.0453125 0.25546875 0.090625
1 0.25390625 0.21796875 0.48515625 0.2484375
1 0.7484375 0.21640625 0.48828125 0.2515625
1 0.12890625 0.49609375 0.24453125 0.271875
1 0.37890625 0.49921875 0.240625 0.2703125
1 0.62578125 0.49921875 0.23984375 0.2734375
1 0.87109375 0.4984375 0.240625 0.271875
1 0.5015625 0.77890625 0.984375 0.24609375
3 0.06171875 0.15703125 0.08046875 0.06328125
3 0.55703125 0.16328125 0.06640625 0.0578125
3 0.05546875 0.42421875 0.0625 0.0546875
3 0.30546875 0.421875 0.06953125 0.0546875
3 0.5578125 0.42421875 0.06796875 0.046875
3 0.7953125 0.4265625 0.06328125 0.06328125
3 0.05546875 0.7125 0.065625 0.0453125
5 0.18203125 0.76484375 0.309375 0.04375
5 0.11875 0.4953125 0.18515625 0.06328125
5 0.35703125 0.4953125 0.16640625 0.07421875
5 0.60546875 0.490625 0.17109375 0.06875
5 0.86953125 0.4953125 0.20234375 0.0671875
0 0.80234375 0.56484375 0.06796875 0.06171875
0 0.55234375 0.5671875 0.06171875 0.06171875
0 0.29609375 0.56953125 0.04609375 0.06015625
0 0.059375 0.5625 0.06875 0.06328125
0 0.55625 0.26796875 0.075 0.07265625
0 0.0546875 0.271875 0.059375 0.06875
0 0.06328125 0.82578125 0.08125 0.06875
5 0.18828125 0.215625 0.32421875 0.046875
5 0.65703125 0.215625 0.275 0.04375
2 0.5015625 0.9578125 0.99375 0.084375