0 0.06171875 0.2703125 0.06953125 0.06875
0 0.5578125 0.2734375 0.05703125 0.05078125
0 0.05625 0.53515625 0.04765625 0.06015625
0 0.06640625 0.834375 0.08203125 0.05625
0 0.31640625 0.82890625 0.08125 0.05234375
0 0.56171875 0.82890625 0.08828125 0.06328125
0 0.80390625 0.83046875 0.06875 0.05625
1 0.2515625 0.22109375 0.484375 0.25390625
1 0.74921875 0.2171875 0.48515625 0.2609375
1 0.50234375 0.4875 0.99453125 0.25
1 0.128125 0.759375 0.2375 0.26796875
1 0.375 0.75625 0.23984375 0.259375
1 0.62265625 0.75625 0.23359375 0.26640625
1 0.87265625 0.75546875 0.23359375 0.26796875
2 0.50234375 0.95 0.99453125 0.1
3 0.05703125 0.16328125 0.06484375 0.06484375
3 0.5703125 0.165625 0.09921875 0.07421875
3 0.06328125 0.41953125 0.08203125 0.06015625
3 0.0578125 0.6875 0.059375 0.0703125
3 0.31015625 0.69140625 0.07421875 0.05234375
3 0.55625 0.68671875 0.07265625 0.06875
3 0.79453125 0.68359375 0.053125 0.04921875
4 0.21640625 0.040625 0.40390625 0.08125
5 0.18359375 0.2140625 0.32109375 0.046875
5 0.6828125 0.21640625 0.32421875 0.04921875
5 0.19140625 0.47734375 0.33046875 0.05234375
5 0.11953125 0.7546875 0.19140625 0.06015625
5 0.36796875 0.75546875 0.190625 0.06484375
5 0.61171875 0.75703125 0.190625 0.06875
5 0.865625 0.75234375 0.19765625 0.0703125