4 0.16328125 0.04609375 0.2875 0.0890625
1 0.25234375 0.225 0.47734375 0.2390625
1 0.75078125 0.21953125 0.49765625 0.25390625
1 0.49921875 0.48828125 0.98203125 0.2484375
1 0.128125 0.7578125 0.23515625 0.28046875
1 0.378125 0.7515625 0.24140625 0.271875
1 0.6265625 0.77109375 0.240625 0.29140625
1 0.8703125 0.76484375 0.240625 0.271875
2 0.5015625 0.9578125 0.996875 0.084375
3 0.05390625 0.15703125 0.05625 0.05625
3 0.559375 0.1578125 0.06640625 0.0578125
3 0.05625 0.42578125 0.0625 0.0546875
3 0.05625 0.69296875 0.0625 0.06015625
3 0.30078125 0.68984375 0.059375 0.0578125
3 0.5515625 0.68984375 0.06328125 0.0546875
3 0.79453125 0.6828125 0.05546875 0.0546875
5 0.11796875 0.75390625 0.171875 0.06484375
5 0.36640625 0.75234375 0.19140625 0.07421875
5 0.59921875 0.76796875 0.1625 0.1015625
5 0.86953125 0.7546875 0.20546875 0.08125
0 0.06015625 0.82578125 0.065625 0.06875
0 0.32421875 0.82890625 0.1 0.0703125
0 0.546875 0.853125 0.05859375 0.06484375
0 0.79921875 0.83046875 0.06484375 0.0703125
0 0.54921875 0.2671875 0.05390625 0.078125
0 0.0609375 0.528125 0.06953125 0.06328125
0 0.06796875 0.275 0.08515625 0.06484375
5 0.1796875 0.2171875 0.315625 0.0546875
5 0.68515625 0.20625 0.33671875 0.05078125
5 0.1828125 0.4828125 0.321875 0.0453125