4 0.175 0.04765625 0.3125 0.0890625
0 0.06171875 0.30703125 0.06484375 0.06015625
0 0.3125 0.303125 0.07265625 0.0671875
0 0.55625 0.31484375 0.07109375 0.07265625
0 0.80703125 0.3125 0.075 0.078125
0 0.06484375 0.56796875 0.075 0.0703125
0 0.06484375 0.82890625 0.071875 0.0703125
0 0.5578125 0.81953125 0.06953125 0.0671875
1 0.13125 0.23359375 0.24375 0.2828125
1 0.378125 0.2421875 0.23984375 0.2734375
1 0.62578125 0.23515625 0.23671875 0.26796875
1 0.87421875 0.234375 0.24453125 0.27734375
1 0.50234375 0.5203125 0.99453125 0.24296875
1 0.2515625 0.77890625 0.48671875 0.25
1 0.74921875 0.775 0.48359375 0.24609375
2 0.5 0.95546875 1 0.0859375
3 0.0609375 0.1625 0.07421875 0.05234375
3 0.30390625 0.159375 0.06484375 0.06484375
3 0.55546875 0.165625 0.065625 0.06328125
3 0.81171875 0.1640625 0.08125 0.05625
3 0.05859375 0.459375 0.06875 0.05625
3 0.0578125 0.715625 0.06328125 0.06171875
3 0.5625 0.71484375 0.07109375 0.05234375
5 0.11953125 0.234375 0.190625 0.0671875
5 0.36875 0.2296875 0.20625 0.06484375
5 0.62109375 0.2328125 0.19765625 0.0703125
5 0.85625 0.23203125 0.18125 0.07265625
5 0.18515625 0.50625 0.32890625 0.0453125
5 0.18359375 0.76640625 0.31640625 0.046875