4 0.16171875 0.0453125 0.2875 0.090625
1 0.49921875 0.2234375 0.99296875 0.240625
1 0.13203125 0.5015625 0.24140625 0.275
1 0.37734375 0.49921875 0.23671875 0.2734375
1 0.62265625 0.4984375 0.24296875 0.275
1 0.87109375 0.5 0.23984375 0.27890625
1 0.2515625 0.76875 0.48828125 0.2515625
1 0.75078125 0.76875 0.484375 0.2515625
2 0.5015625 0.95234375 0.996875 0.0953125
3 0.06328125 0.16328125 0.071875 0.046875
3 0.05078125 0.4296875 0.05078125 0.0546875
3 0.30546875 0.4296875 0.065625 0.0578125
3 0.5515625 0.42734375 0.07421875 0.0578125
3 0.79921875 0.43125 0.06015625 0.0578125
3 0.05390625 0.71640625 0.05546875 0.06015625
3 0.56171875 0.7140625 0.07109375 0.06171875
5 0.18984375 0.22265625 0.321875 0.03984375
5 0.10859375 0.49296875 0.16796875 0.0578125
5 0.37265625 0.49453125 0.20390625 0.07265625
5 0.621875 0.4953125 0.20234375 0.0703125
5 0.85703125 0.49765625 0.190625 0.07421875
5 0.1890625 0.76875 0.328125 0.04921875
5 0.68828125 0.76796875 0.33203125 0.04375
0 0.05703125 0.27890625 0.06484375 0.06484375
0 0.0640625 0.56328125 0.078125 0.0796875
0 0.315625 0.56796875 0.08125 0.06328125
0 0.54609375 0.56875 0.04765625 0.06171875
0 0.79453125 0.56796875 0.05546875 0.05234375
0 0.05234375 0.821875 0.05859375 0.05625
0 0.55234375 0.82421875 0.05859375 0.0546875