4 0.0953125 0.04453125 0.153125 0.08515625
1 0.12890625 0.23359375 0.240625 0.275
1 0.3765625 0.23515625 0.23828125 0.2828125
1 0.62421875 0.23515625 0.2375 0.27890625
1 0.87421875 0.23828125 0.23984375 0.284375
1 0.50078125 0.5125 0.9875 0.24609375
1 0.13046875 0.7890625 0.240625 0.2734375
1 0.37734375 0.7859375 0.240625 0.271875
1 0.62578125 0.78984375 0.23828125 0.26796875
1 0.87265625 0.78828125 0.240625 0.26796875
2 0.5015625 0.96875 0.99375 0.0625
3 0.05859375 0.17109375 0.06953125 0.04921875
3 0.30234375 0.17109375 0.05859375 0.0453125
3 0.55078125 0.171875 0.05703125 0.06171875
3 0.7859375 0.165625 0.04453125 0.05625
3 0.06328125 0.46015625 0.06796875 0.0546875
3 0.06328125 0.71796875 0.07734375 0.06015625
3 0.30390625 0.7234375 0.06015625 0.05234375
3 0.55234375 0.7171875 0.06171875 0.0546875
3 0.81015625 0.715625 0.08125 0.06171875
5 0.1203125 0.23515625 0.19453125 0.07578125
5 0.35859375 0.22734375 0.17265625 0.0671875
5 0.61640625 0.23828125 0.190625 0.078125
5 0.85078125 0.23515625 0.16640625 0.07265625
5 0.1984375 0.51171875 0.33828125 0.0453125
0 0.06171875 0.56640625 0.071875 0.06015625
0 0.05859375 0.30625 0.065625 0.06171875
0 0.30859375 0.30625 0.071875 0.07265625
0 0.54765625 0.31015625 0.06171875 0.06171875
0 0.80546875 0.3078125 0.06875 0.06484375
0 0.0546875 0.8578125 0.05546875 0.06015625
0 0.30546875 0.85859375 0.06328125 0.06171875
0 0.55390625 0.859375 0.06953125 0.06328125
0 0.8015625 0.85859375 0.06796875 0.06171875
5 0.12109375 0.790625 0.1875 0.07421875
5 0.36796875 0.7890625 0.196875 0.0703125
5 0.61015625 0.78515625 0.18515625 0.07421875
5 0.8609375 0.784375 0.184375 0.07578125