4 0.12890625 0.04453125 0.23046875 0.0890625
1 0.50234375 0.225 0.98671875 0.228125
1 0.128125 0.49921875 0.24765625 0.28046875
1 0.37890625 0.5015625 0.24140625 0.27890625
1 0.62734375 0.50078125 0.2375 0.2734375
1 0.87578125 0.50390625 0.24609375 0.275
1 0.2515625 0.775 0.48671875 0.24296875
1 0.7515625 0.77890625 0.48203125 0.2390625
3 0.06171875 0.1703125 0.06796875 0.0578125
3 0.06015625 0.4296875 0.0625 0.046875
3 0.31171875 0.42734375 0.07578125 0.05078125
3 0.5609375 0.43515625 0.07421875 0.05078125
3 0.80703125 0.43203125 0.07421875 0.06015625
3 0.06015625 0.72265625 0.06953125 0.0546875
3 0.54453125 0.72109375 0.05234375 0.05078125
5 0.18125 0.77109375 0.31484375 0.04140625
5 0.125 0.4953125 0.19375 0.0671875
5 0.375 0.49609375 0.2 0.07265625
5 0.61953125 0.49765625 0.19453125 0.0703125
5 0.86640625 0.49375 0.2 0.0703125
5 0.671875 0.7671875 0.29375 0.0671875
0 0.06875 0.57265625 0.08984375 0.06875
0 0.30859375 0.56328125 0.07265625 0.06171875
0 0.5546875 0.56875 0.07421875 0.0546875
0 0.79765625 0.56640625 0.06484375 0.05234375
0 0.0609375 0.27734375 0.06171875 0.0546875
0 0.05859375 0.821875 0.065625 0.05234375
0 0.55546875 0.82578125 0.071875 0.06484375
5 0.18828125 0.2234375 0.31953125 0.04140625
2 0.5 0.95234375 1 0.0953125