4 0.16171875 0.04453125 0.2875 0.0703125
1 0.50390625 0.2265625 0.984375 0.24296875
1 0.25234375 0.4828125 0.4875 0.24453125
1 0.74921875 0.48125 0.48671875 0.2484375
1 0.1265625 0.7546875 0.246875 0.2703125
1 0.3765625 0.7578125 0.23671875 0.2734375
1 0.6234375 0.75703125 0.23828125 0.271875
1 0.8734375 0.75546875 0.23671875 0.271875
3 0.05546875 0.16953125 0.06640625 0.06015625
3 0.0609375 0.4296875 0.06796875 0.0546875
3 0.5578125 0.42265625 0.07421875 0.04921875
3 0.0546875 0.68828125 0.06796875 0.0546875
3 0.31015625 0.69296875 0.07109375 0.06328125
3 0.54921875 0.68671875 0.05234375 0.04375
3 0.8015625 0.6890625 0.065625 0.04921875
5 0.18125 0.2203125 0.30625 0.03828125
5 0.178125 0.47734375 0.30390625 0.04140625
5 0.67109375 0.47734375 0.29609375 0.0453125
5 0.109375 0.75546875 0.16484375 0.06171875
5 0.37578125 0.7546875 0.20859375 0.06328125
5 0.61796875 0.75390625 0.19140625 0.06875
5 0.8625 0.75546875 0.19609375 0.07265625
0 0.06015625 0.27734375 0.06875 0.06171875
0 0.0640625 0.5328125 0.07421875 0.06875
0 0.55703125 0.5296875 0.06484375 0.04921875
0 0.05390625 0.828125 0.05859375 0.06171875
0 0.30859375 0.83125 0.06953125 0.07265625
0 0.54609375 0.828125 0.05546875 0.07578125
0 0.803125 0.82578125 0.07265625 0.06484375
2 0.5 0.9578125 0.996875 0.084375