4 0.22265625 0.0453125 0.41015625 0.08671875
1 0.13046875 0.234375 0.23671875 0.2703125
1 0.37734375 0.234375 0.24375 0.28046875
1 0.62421875 0.2390625 0.23359375 0.271875
1 0.87109375 0.23984375 0.23515625 0.26640625
1 0.25 0.51328125 0.48984375 0.2484375
1 0.75 0.51328125 0.48984375 0.240625
1 0.4984375 0.77265625 0.98671875 0.240625
2 0.5 0.95546875 1 0.0890625
3 0.04921875 0.16953125 0.046875 0.04921875
3 0.30546875 0.1703125 0.06171875 0.046875
3 0.553125 0.16875 0.0625 0.0546875
3 0.80234375 0.1703125 0.07421875 0.0546875
3 0.06484375 0.45546875 0.078125 0.05625
3 0.56015625 0.45625 0.07421875 0.0546875
3 0.0578125 0.7171875 0.059375 0.04375
5 0.11328125 0.234375 0.17734375 0.0703125
5 0.35 0.23515625 0.15234375 0.07578125
5 0.62421875 0.23671875 0.196875 0.07421875
5 0.86484375 0.23984375 0.19140625 0.0703125
5 0.190625 0.50546875 0.325 0.04375
5 0.6765625 0.50546875 0.30546875 0.05078125
5 0.1703125 0.76875 0.29296875 0.04921875
0 0.0578125 0.828125 0.04921875 0.0578125
0 0.3109375 0.30859375 0.07421875 0.06015625
0 0.06484375 0.3109375 0.078125 0.06328125
0 0.55859375 0.31015625 0.071875 0.06875
0 0.803125 0.30859375 0.07890625 0.06328125
0 0.05703125 0.56015625 0.07109375 0.07578125
0 0.56171875 0.56484375 0.08671875 0.07578125