4 0.17265625 0.04375 0.30234375 0.0796875
1 0.1296875 0.23515625 0.240625 0.26796875
1 0.37578125 0.2375 0.23984375 0.271875
1 0.62578125 0.23515625 0.23984375 0.275
1 0.87265625 0.23359375 0.234375 0.27890625
1 0.50078125 0.515625 0.98984375 0.2484375
1 0.25234375 0.77734375 0.48125 0.24296875
1 0.74765625 0.77265625 0.48671875 0.2484375
2 0.5 0.95546875 1 0.0890625
3 0.059375 0.165625 0.05234375 0.04921875
3 0.31015625 0.17109375 0.07421875 0.06015625
3 0.54609375 0.16484375 0.05546875 0.0578125
3 0.80625 0.165625 0.06875 0.0703125
3 0.07109375 0.4625 0.07734375 0.0671875
3 0.05078125 0.71953125 0.05 0.04375
3 0.56171875 0.71171875 0.07734375 0.05078125
5 0.1109375 0.2328125 0.16796875 0.0703125
5 0.35859375 0.2328125 0.18046875 0.07421875
5 0.60390625 0.23359375 0.16484375 0.07265625
5 0.86328125 0.23515625 0.18984375 0.0796875
5 0.18828125 0.51328125 0.325 0.04140625
0 0.0625 0.56484375 0.06484375 0.06171875
5 0.18828125 0.76796875 0.32578125 0.046875
5 0.68046875 0.76796875 0.31171875 0.0546875
0 0.0625 0.30546875 0.08515625 0.0671875
0 0.3078125 0.3078125 0.07578125 0.07578125
0 0.5578125 0.30078125 0.06953125 0.06484375
0 0.796875 0.31015625 0.06015625 0.0546875
0 0.05234375 0.82421875 0.05234375 0.06171875
0 0.55703125 0.8203125 0.075 0.06875