4 0.20390625 0.0421875 0.3734375 0.084375
1 0.13203125 0.2328125 0.23671875 0.2703125
1 0.37734375 0.23515625 0.234375 0.26796875
1 0.62265625 0.234375 0.23984375 0.28046875
1 0.87265625 0.2375 0.2375 0.30078125
1 0.50078125 0.5171875 0.98203125 0.2515625
1 0.25234375 0.77734375 0.48515625 0.2390625
1 0.75078125 0.7734375 0.4875 0.23203125
3 0.0609375 0.16953125 0.059375 0.05234375
3 0.30390625 0.16875 0.06328125 0.05078125
3 0.54765625 0.16875 0.05 0.04375
3 0.79765625 0.1671875 0.06015625 0.04921875
3 0.059375 0.4578125 0.06015625 0.0453125
3 0.05703125 0.71015625 0.059375 0.04375
3 0.55234375 0.715625 0.06484375 0.0578125
5 0.10859375 0.234375 0.15390625 0.0671875
5 0.35859375 0.23359375 0.17578125 0.06484375
5 0.628125 0.2375 0.20859375 0.06484375
5 0.86796875 0.23203125 0.2 0.06484375
5 0.18984375 0.5078125 0.325 0.04921875
5 0.17421875 0.7671875 0.296875 0.04921875
5 0.6875 0.77109375 0.33125 0.05234375
0 0.06484375 0.56484375 0.06953125 0.06484375
0 0.05703125 0.3109375 0.0625 0.078125
0 0.3078125 0.3078125 0.06796875 0.06875
0 0.553125 0.3109375 0.06484375 0.06015625
0 0.80078125 0.303125 0.0625 0.06015625
0 0.05546875 0.82265625 0.06328125 0.0578125
0 0.55390625 0.82265625 0.053125 0.0578125
2 0.5015625 0.95546875 0.996875 0.0890625