4 0.2046875 0.0421875 0.38046875 0.08125
1 0.12890625 0.240625 0.23828125 0.271875
1 0.37734375 0.23515625 0.24453125 0.275
1 0.62578125 0.234375 0.240625 0.28046875
1 0.87109375 0.2421875 0.23515625 0.2703125
1 0.2515625 0.51328125 0.48828125 0.24453125
1 0.75 0.5078125 0.48125 0.2515625
1 0.49765625 0.77109375 0.98515625 0.2375
3 0.06015625 0.171875 0.06484375 0.0578125
3 0.309375 0.16640625 0.07109375 0.0578125
3 0.54765625 0.16640625 0.05625 0.0578125
3 0.80078125 0.1640625 0.0625 0.05625
3 0.05390625 0.45078125 0.06875 0.06875
3 0.55078125 0.4546875 0.05234375 0.06484375
3 0.05625 0.71953125 0.05625 0.06171875
5 0.10546875 0.23828125 0.159375 0.0671875
5 0.3546875 0.234375 0.16328125 0.0703125
5 0.60703125 0.2328125 0.16328125 0.06328125
5 0.8546875 0.2328125 0.16953125 0.0703125
5 0.18515625 0.515625 0.31953125 0.0453125
5 0.68046875 0.50546875 0.31875 0.046875
5 0.1796875 0.7625 0.30703125 0.04375
0 0.06328125 0.31015625 0.07578125 0.0578125
0 0.328125 0.31171875 0.10625 0.06484375
0 0.54609375 0.30234375 0.05859375 0.0578125
0 0.80234375 0.31015625 0.06328125 0.06171875
0 0.0546875 0.56015625 0.05546875 0.06171875
0 0.56171875 0.56171875 0.078125 0.06171875
0 0.06171875 0.825 0.0625 0.0671875
2 0.5015625 0.94921875 0.996875 0.08671875